  5.5088708805848152e-001
  5.5196239455483675e-001
  5.5517495618322954e-001
  5.6041904652913999e-001
  5.6784321938069460e-001
  5.7697673530574634e-001
  5.8818255355412563e-001
  6.0102330539905535e-001
  6.1578014535573200e-001
  6.3144291627742288e-001
  6.4864996193036406e-001
  6.6699052497959532e-001
  6.8639687959974183e-001
  7.0627427217173566e-001
  7.2699728988474177e-001
  7.4854131517393818e-001
  5.5192639296782664e-001
  5.5088560299406375e-001
  5.5196068636122519e-001
  5.5512733544508963e-001
  5.6039971434219726e-001
  5.6776261889560797e-001
  5.7688046858724906e-001
  5.8798144389732498e-001
  6.0065214420114976e-001
  6.1505141925883378e-001
  6.3033567269058766e-001
  6.4691193551098947e-001
  6.6449439728444160e-001
  6.8308518765918480e-001
  7.0206427412478012e-001
  7.2201420985535769e-001
  5.5509758337843695e-001
  5.5190709886562916e-001
  5.5086612584796135e-001
  5.5193934299396452e-001
  5.5504815377981420e-001
  5.6023770384528448e-001
  5.6742480557611741e-001
  5.7636388178350473e-001
  5.8702779426089191e-001
  5.9915933916162878e-001
  6.1283173421600301e-001
  6.2719304323605873e-001
  6.4273604529651918e-001
  6.5943496930994083e-001
  6.7728131789401991e-001
  6.9563389346801652e-001
  5.6034250428363341e-001
  5.5502192949371465e-001
  5.5173992513052550e-001
  5.5069744595014247e-001
  5.5176066789841727e-001
  5.5438313149173057e-001
  5.5933954579130662e-001
  5.6605237389354046e-001
  5.7424300749526347e-001
  5.8396996054411365e-001
  5.9509775979282398e-001
  6.0765935210837663e-001
  6.2111334862147438e-001
  6.3593852965658570e-001
  6.5236048318533946e-001
  6.7023034310954610e-001
  5.6752372013895336e-001
  5.6007046287973639e-001
  5.5455741007500103e-001
  5.5079543834933276e-001
  5.4974511118102887e-001
  5.5077531296191951e-001
  5.5187658276687546e-001
  5.5614380642961925e-001
  5.6198513165957920e-001
  5.6897072041746188e-001
  5.7760441687767428e-001
  5.8791588270018869e-001
  5.9991730072010829e-001
  6.1348025317560184e-001
  6.2884131190136972e-001
  6.4606411775442740e-001
  5.7609019578053700e-001
  5.6654217592019152e-001
  5.5878574451652718e-001
  5.5267137127912691e-001
  5.4741306579205784e-001
  5.4633807842536108e-001
  5.4730698860432192e-001
  5.4598416160852881e-001
  5.4919728780697441e-001
  5.5436855152707132e-001
  5.6085618130170978e-001
  5.6949434217324646e-001
  5.8025736298165531e-001
  5.9314539862323723e-001
  6.0812426344242365e-001
  6.2510536915067738e-001
  5.8545124000601756e-001
  5.7346568394791486e-001
  5.6322800791017857e-001
  5.5480219960092658e-001
  5.4773497536056825e-001
  5.4011405415339098e-001
  5.3899841569301687e-001
  5.3992428900660894e-001
  5.3773811865387555e-001
  5.4060704186360364e-001
  5.4633371976525069e-001
  5.5403022804405921e-001
  5.6427470864178986e-001
  5.7678181503701342e-001
  5.9153632031761183e-001
  6.0832363205926820e-001
  5.9469360015892048e-001
  5.8041083385909309e-001
  5.6749846496615830e-001
  5.5627299169076438e-001
  5.4714373879320655e-001
  5.3976596588668990e-001
  5.3137416776312862e-001
  5.3024647255108459e-001
  5.3121981589522116e-001
  5.3189096466544239e-001
  5.3600238744172657e-001
  5.4348524667079168e-001
  5.5333808256846606e-001
  5.6562182948348605e-001
  5.7987500140600667e-001
  5.9616172513609222e-001
  6.0391502414273257e-001
  5.8737037478945031e-001
  5.7252432629233641e-001
  5.5923913164556838e-001
  5.4785423331541516e-001
  5.3892544433145995e-001
  5.3275753103193879e-001
  5.2729682954818591e-001
  5.2624129486909188e-001
  5.2733023706104676e-001
  5.3282199904909922e-001
  5.3895957239693626e-001
  5.4795966770810811e-001
  5.5927234110724500e-001
  5.7259349604470455e-001
  5.8740780167646911e-001
  6.1391497063138611e-001
  5.9608816292395150e-001
  5.7983793257271510e-001
  5.6555350901754431e-001
  5.5330368880133629e-001
  5.4337962328971845e-001
  5.3596846395218789e-001
  5.3182569537003033e-001
  5.3118620691802543e-001
  5.3024647255108459e-001
  5.3140777674032436e-001
  5.3983123540164579e-001
  5.4717829148883446e-001
  5.5637864740557241e-001
  5.6753207367590841e-001
  5.8048188426118996e-001
  6.2690518188537270e-001
  6.0828466712499729e-001
  5.9143014306850683e-001
  5.7674520175556876e-001
  5.6420553906204585e-001
  5.5399389832519474e-001
  5.4622767514174542e-001
  5.4057291379812744e-001
  5.3767107468878106e-001
  5.3989026185789113e-001
  5.3899841569301687e-001
  5.4014808130210878e-001
  5.4780201958617691e-001
  5.5483708604650994e-001
  5.6333409999600170e-001
  5.7350052469415858e-001
  6.4382653455788330e-001
  6.2506821263076850e-001
  6.0808577736184699e-001
  5.9303692403866792e-001
  5.8022096917342925e-001
  5.6942329211422438e-001
  5.6081853411684801e-001
  5.5426215981520921e-001
  5.4916273511134639e-001
  5.4591560610728396e-001
  5.4727263278198934e-001
  5.4633807842536108e-001
  5.4744742161439031e-001
  5.5273992694326246e-001
  5.5882077934102758e-001
  5.6664860782106552e-001
  6.6483295034104761e-001
  6.4602341166246136e-001
  6.2883906540308754e-001
  6.1348025317560184e-001
  5.9980551795956694e-001
  5.8787926941874391e-001
  5.7753176519598637e-001
  5.6893310883895232e-001
  5.6191409311354312e-001
  5.5610891998403589e-001
  5.5180731891533608e-001
  5.5074081101751504e-001
  5.4974511118102887e-001
  5.5082994029373733e-001
  5.5462667398975718e-001
  5.6010553846212907e-001
  6.8903700832855785e-001
  6.7010111975247499e-001
  6.5232002110037468e-001
  6.3597344026660974e-001
  6.2111334862147427e-001
  6.0750682753088481e-001
  5.9506069095953251e-001
  5.8389655822932673e-001
  5.7420614863204933e-001
  5.6601683806826841e-001
  5.5930451096680633e-001
  5.5431366890425926e-001
  5.5172612581604874e-001
  5.5069744595014247e-001
  5.5177446721289403e-001
  5.5509139209713976e-001
  7.1544817119431592e-001
  6.9563389346801641e-001
  6.7715206661991956e-001
  6.5939426321797467e-001
  6.4273248719141252e-001
  6.2719304323605884e-001
  6.1263946694846061e-001
  5.9912191227460987e-001
  5.8695418123160126e-001
  5.7632754544556208e-001
  5.6738926246962784e-001
  5.6020262826289191e-001
  5.5497865595481388e-001
  5.5190479383399427e-001
  5.5086612584796146e-001
  5.5194164802559953e-001
  7.4287647129979595e-001
  7.2196870446759742e-001
  7.0202105428034300e-001
  6.8295593842008451e-001
  6.6445318471682968e-001
  6.4686967485724800e-001
  6.3033567269058755e-001
  6.1485876483000057e-001
  6.0061455813021658e-001
  5.8790779341931876e-001
  5.7688042571143650e-001
  5.6769153126885163e-001
  5.6036463157288996e-001
  5.5509258466052280e-001
  5.5192613638463073e-001
  5.5088560299406375e-001
